내 얼굴일때
encodings [array([-0.03450824,  0.09569572,  0.01231765, -0.02472874, -0.03539219,
       -0.01480151, -0.04276888, -0.06210354,  0.19471814, -0.09791195,
        0.27771389,  0.00796084, -0.25717208, -0.10387673, -0.02330351,
        0.15966536, -0.12197179, -0.1219669 , -0.04634532,  0.0059729 ,
        0.09469299, -0.03994954,  0.00873074,  0.07665895, -0.14365077,
       -0.29651576, -0.10845975, -0.05635527, -0.04973663, -0.02927599,
       -0.02105962,  0.04253218, -0.11833975, -0.05467127,  0.05485   ,
        0.12744382, -0.07763296, -0.06219129,  0.24102458,  0.00526854,
       -0.17527921,  0.038438  ,  0.02351464,  0.24145296,  0.17936932,
        0.04412748,  0.06685077, -0.15605408,  0.14569969, -0.19228896,
        0.07404356,  0.1955649 ,  0.11619015,  0.11489201,  0.065254  ,
       -0.12873632,  0.05090781,  0.18248779, -0.16073672, -0.00163153,
        0.00464441, -0.04011171,  0.0294415 , -0.06703589,  0.17017019,
        0.06728419, -0.1365158 , -0.13292812,  0.14258546, -0.15529045,
       -0.10789286,  0.09231868, -0.16035526, -0.25709069, -0.29682249,
        0.06354249,  0.45185643,  0.18435277, -0.18089287,  0.04741594,
        0.00545078, -0.09038677,  0.10951585,  0.13567196, -0.03088989,
       -0.02923863, -0.0967818 ,  0.00875487,  0.24699269, -0.02642197,
       -0.04424031,  0.20801221,  0.03274122,  0.10699436,  0.03390581,
        0.01245315, -0.03057594,  0.06956422, -0.15036328,  0.00461091,
       -0.0183667 , -0.05266987, -0.01098266,  0.03153048, -0.13372007,
        0.1202766 ,  0.03365784,  0.00717272, -0.04088   ,  0.03792452,
       -0.16910036, -0.02547722,  0.15566638, -0.25340819,  0.20199195,
        0.14851072,  0.09034289,  0.12208387,  0.14591615,  0.10197561,
        0.03133904, -0.08278316, -0.17457624, -0.03970317,  0.07052378,
        0.01457421,  0.1361606 ,  0.00431365])]
face_distance [0.47465279]
best_match_index 0
matches[best_match_index] :  True
known_face_names[best_match_index] :  mj

다른사람 얼굴일때
encodings [array([-3.56687680e-02,  6.27160743e-02,  1.50648430e-01, -1.19798936e-01,
       -1.33763343e-01, -8.13684985e-03, -1.56604081e-01, -3.47013399e-02,
        1.26790777e-01, -1.47104710e-01,  1.71597302e-01, -4.50228229e-02,
       -1.83519840e-01,  5.05542732e-04, -5.25041260e-02,  2.69472629e-01,
       -2.44852558e-01, -1.71216398e-01, -2.06738897e-03,  1.85805578e-02,
        1.45400092e-02,  1.12843774e-01, -4.15870780e-03,  1.26595069e-02,
       -1.47620007e-01, -4.06776965e-01, -1.19568035e-01, -6.33673295e-02,
       -7.12952986e-02, -4.58948649e-02, -5.00949547e-02, -1.70862358e-02,
       -1.57409057e-01,  6.78521842e-02,  8.38247687e-02,  9.68515128e-02,
       -4.04240973e-02, -1.23741724e-01,  1.55378506e-01,  3.97084579e-02,
       -3.18777621e-01,  5.97991124e-02,  1.17985472e-01,  2.15765506e-01,
        2.56819129e-01, -2.03636289e-02, -1.14442650e-02, -1.19371802e-01,
        1.42888129e-01, -1.94852233e-01,  6.35004491e-02,  1.16084024e-01,
        8.21845978e-02,  1.08130805e-01,  4.05415334e-02, -7.55609423e-02,
        4.36009001e-03,  1.99545741e-01, -1.90536007e-01, -1.17743379e-02,
        5.55041581e-02, -1.05124004e-01,  2.19547935e-02, -9.85691622e-02,
        1.74523100e-01,  9.55300853e-02, -1.28082946e-01, -2.88297206e-01,
        1.03907511e-01, -2.12166935e-01, -1.10643797e-01,  8.72760937e-02,
       -1.43769994e-01, -1.77489564e-01, -3.50285083e-01, -1.86145380e-02,
        2.48667359e-01,  1.37129426e-01, -2.08966404e-01,  1.65955182e-02,
        5.99910803e-02, -9.26739536e-03,  7.78097883e-02,  1.95388153e-01,
        4.95775044e-02,  2.89005376e-02, -7.24348873e-02, -1.23849912e-02,
        2.70369858e-01, -1.06599316e-01, -7.27536506e-04,  2.25336626e-01,
       -2.93402299e-02,  5.25885709e-02, -1.86602352e-03,  4.44244966e-02,
       -9.42017287e-02,  2.20695324e-02, -1.77786246e-01, -2.69440245e-02,
       -5.03945388e-02,  5.48196435e-02, -3.78544107e-02,  1.41142324e-01,
       -1.31483868e-01,  1.35532677e-01, -4.18922156e-02, -5.77972978e-02,
       -4.40242589e-02,  1.01660285e-02, -7.65500590e-02, -1.13930322e-01,
        1.65517122e-01, -1.94378629e-01,  1.72859192e-01,  1.94011152e-01,
        6.52751401e-02,  1.08076215e-01,  8.68656933e-02,  6.27332628e-02,
       -6.50209263e-02, -5.35315052e-02, -1.96168363e-01, -2.18407949e-05,
        7.05308616e-02, -2.58384775e-02,  9.40074921e-02,  9.51077789e-04])]
face_distance [0.67481294]
best_match_index 0
matches[best_match_index] :  False